 100  8.49878
 105  7.17639
 110  6.05997
 115  5.1174
 120  4.32156
 125  3.64961
 130  3.15958
 135  2.73558
 140  2.36869
 145  2.05119
 150  1.7764
 155  1.57634
 160  1.39884
 165  1.24134
 170  1.10159
 175  0.977579
 180  0.87746
 185  0.787616
 190  0.706986
 195  0.634626
 200  0.569685
 205  0.517851
 210  0.470737
 215  0.427914
 220  0.388989
 225  0.353608
 230  0.323599
 235  0.29614
 240  0.271013
 245  0.248022
 250  0.226984
 255  0.209297
 260  0.19299
 265  0.177954
 270  0.164091
 275  0.151309
 280  0.140147
 285  0.129811
 290  0.120237
 295  0.11137
 300  0.103158
 305  0.0960516
 310  0.0894351
 315  0.0832749
 320  0.0775393
 325  0.0721991
 330  0.0674207
 335  0.0629591
 340  0.0587929
 345  0.0549026
 350  0.0512702
 355  0.0480587
 360  0.0450483
 365  0.0422268
 370  0.039582
 375  0.0371031
 380  0.0348565
 385  0.032746
 390  0.0307635
 395  0.0289011
 400  0.0271515
 405  0.0255774
 410  0.0240945
 415  0.0226977
 420  0.021382
 425  0.0201425
 430  0.0190082
 435  0.0179379
 440  0.016928
 445  0.015975
 450  0.0150757
 455  0.0142584
 460  0.0134854
 465  0.0127543
 470  0.0120629
 475  0.0114089
 480  0.0108019
 485  0.0102272
 490  0.00968313
 495  0.00916799
 500  0.0086803
